-1027.03866976
-1007.62840475
-1007.62840475
-1007.62840475
-1021.33823004
-1021.33823004
-1007.62840475
-1007.62840475
-1007.62840475
-1007.62840475
-1007.62840475
-1007.62840475
-1007.62840475
-1007.62840475
-1007.62840475
-1007.62840475
-1007.62840475
-1007.62840475
-1007.62840475
-1007.62840475
-1007.62840475
-1007.62840475
-1007.62840475
-1007.62840475
-1007.62840475
-1007.62840475
-1021.33823004
-1007.62840475
-1021.33823004
-1007.62840475
-1021.33823004
-1007.62840475
-1007.62840475
-1007.62840475
-1021.33823004
-1007.62840475
-1007.62840475
-1007.62840475
-1007.62840475
-1007.62840475
-1007.62840475
-1007.62840475
-1007.62840475
-1058.93700709
-1007.62840475
-1007.62840475
-1007.62840475
-1007.62840475
-1007.62840475
-1023.62363226
-1007.62840475
-1007.62840475
-1007.62840475
-1007.62840475
-1007.62840475
-1007.62840475
-1007.62840475
-1021.33823004
-1007.62840475
-1007.62840475
-1007.62840475
-1007.62840475
-1007.62840475
-1007.62840475
-1007.62840475
-1042.43895068
-1007.62840475
-1007.62840475
-1007.62840475
-1039.14101442
-1042.43895068
-1054.19988442
-1007.62840475
-1017.96431691
-1021.33823004
-1088.2714762
-1007.62840475
-1007.62840475
-1007.62840475
-1007.62840475
-1007.62840475
-1007.62840475
-1007.62840475
-1007.62840475
-1044.61885977
-1007.62840475
-1007.62840475
-1021.33823004
-1007.62840475
-1007.62840475
-1007.62840475
-1007.62840475
-1007.62840475
-1007.62840475
-1007.62840475
-1021.33823004
-1007.62840475
-1021.33823004
-1021.33823004
-1007.62840475
-1007.62840475
-1021.2980169
-1007.62840475
-1007.62840475
-1007.62840475
-1007.62840475
-1007.62840475
-1007.62840475
-1007.62840475
-1007.62840475
-1007.62840475
-1007.62840475
-1007.62840475
-1007.62840475
-1007.62840475
-1007.62840475
-1007.62840475
-1007.62840475
-1042.05661734
-1007.62840475
-1007.62840475
-1007.62840475
-1007.62840475
-1007.62840475
-1007.62840475
-1007.62840475
-1007.62840475
-1007.62840475
-1007.62840475
-1068.76226056
-1007.62840475
-1007.62840475
-1007.62840475
-1007.62840475
-1065.70719668
-1007.62840475
-1007.62840475
-1038.95954442
-1007.62840475
-1007.62840475
-1007.62840475
-1007.62840475
-1007.62840475
-1007.62840475
-1021.33823004
-1038.95954442
-1007.62840475
-1007.62840475
-1007.62840475
-1028.62363226
-1007.62840475
-1007.62840475
-1007.62840475
-1007.62840475
-1007.62840475
-1022.97977607
-1007.62840475
-1007.62840475
-1007.62840475
-1024.45370726
-1019.62247593
-1007.62840475
-1007.62840475
-1007.62840475
-1007.62840475
-1007.62840475
-1021.33823004
-1021.33823004
-1007.62840475
-1007.62840475
-1007.62840475
-1007.62840475
-1007.62840475
-1007.62840475
-1007.62840475
-1007.62840475
-1007.62840475
-1007.62840475
-1049.61885977
-1007.62840475
-1021.33823004
-1021.33823004
-1007.62840475
-1007.62840475
-1007.62840475
-1007.62840475
-1007.62840475
-1007.62840475
-1007.62840475
-1007.62840475
-1007.62840475
-1007.62840475
-1007.62840475
-1007.62840475
-1007.62840475
-1007.62840475
-1007.62840475
-1007.62840475
-1007.62840475
-1027.47050072
-1007.62840475
-1007.62840475
-1007.62840475
-1007.62840475
-1007.62840475
-1007.62840475
-1007.62840475
-1007.62840475
-1021.33823004
-1021.33823004
-1007.62840475
-1007.62840475
-1007.62840475
-1007.62840475
-1007.62840475
-1007.62840475
-1007.62840475
-1007.62840475
-1007.62840475
-1007.62840475
-1007.62840475
-1007.62840475
-1007.62840475
-1007.62840475
-1007.62840475
-1007.62840475
-1007.62840475
-1007.62840475
-1007.62840475
-1007.62840475
-1007.62840475
-1021.33823004
-1007.62840475
-1007.62840475
-1007.62840475
-1007.62840475
-1021.33823004
-1007.62840475
-1007.62840475
-1007.62840475
-1019.96925899
-1007.62840475
-1007.62840475
-1007.62840475
-1007.62840475
-1007.62840475
-1007.62840475
-1007.62840475
-1007.62840475
-1007.62840475
-1007.62840475
-1021.33823004
-1007.62840475
-1007.62840475
-1021.33823004
-1021.33823004
-1007.62840475
-1007.62840475
-1007.62840475
-1007.62840475
-1007.62840475
-1007.62840475
-1007.62840475
-1007.62840475
-1007.62840475
-1007.62840475
-1021.98310285
-1007.62840475
-1041.84345497
-1007.62840475
-1007.62840475
-1007.62840475
-1007.62840475
-1025.81627734
-1007.62840475
-1021.33823004
-1021.33823004
-1007.62840475
-1007.62840475
-1007.62840475
-1007.62840475
-1007.62840475
-1007.62840475
-1007.62840475
-1007.62840475
-1007.62840475
-1007.62840475
-1007.62840475
-1007.62840475
-1007.62840475
-1007.62840475
-1007.62840475
-1007.62840475
-1007.62840475
-1007.62840475
-1007.62840475
-1007.62840475
-1007.62840475
-1007.62840475
-1007.62840475
-1007.62840475
-1007.62840475
-1007.62840475
-1007.62840475
-1007.62840475
-1007.62840475
-1007.62840475
-1007.62840475
-1007.62840475
-1007.62840475
-1007.62840475
-1007.62840475
-1007.62840475
-1007.62840475
-1007.62840475
-1007.62840475
-1007.62840475
-1007.62840475
-1007.62840475
-1007.62840475
-1007.62840475
-1007.62840475
-1007.62840475
-1007.62840475
-1007.62840475
-1007.62840475
-1007.62840475
-1007.62840475
-1007.62840475
-1007.62840475
-1007.62840475
-1007.62840475
-1007.62840475
-1007.62840475
-1007.62840475
-1007.62840475
-1007.62840475
-1007.62840475
-1007.62840475
-1007.62840475
-1007.62840475
-1007.62840475
-1007.62840475
-1007.62840475
-1007.62840475
-1022.95510015
-1007.62840475
-1007.62840475
-1007.62840475
-1007.62840475
-1007.62840475
-1007.62840475
-1007.62840475
-1007.62840475
-1058.50752433
-1007.62840475
-1007.62840475
-1007.62840475
-1021.33823004
-1007.62840475
-1007.62840475
-1007.62840475
-1007.62840475
-1021.33823004
-1007.62840475
-1007.62840475
-1021.33823004
-1007.62840475
-1007.62840475
-1059.13734107
-1007.62840475
-1007.62840475
-1007.62840475
-1007.62840475
-1007.62840475
-1098.70562094
-1045.38171652
-1007.62840475
-1007.62840475
-1007.62840475
-1007.62840475
-1007.62840475
-1007.62840475
-1007.62840475
-1007.62840475
-1007.62840475
-1007.62840475
-1007.62840475
-1024.37570475
-1007.62840475
-1007.62840475
-1007.62840475
-1007.62840475
-1007.62840475
-1007.62840475
-1007.62840475
-1007.62840475
-1007.62840475
-1007.62840475
-1007.62840475
-1007.62840475
-1007.62840475
-1007.62840475
-1007.62840475
-1082.94753668
-1007.62840475
-1007.62840475
-1007.62840475
-1007.62840475
-1024.45370726
-1007.62840475
-1007.62840475
-1007.62840475
-1007.62840475
-1007.62840475
-1007.62840475
-1007.62840475
-1007.62840475
-1042.05661734
-1007.62840475
-1007.62840475
-1038.08553004
-1007.62840475
-1007.62840475
-1021.33823004
-1007.62840475
-1007.62840475
-1021.33823004
-1007.62840475
-1021.33823004
-1007.62840475
-1007.62840475
-1007.62840475
-1007.62840475
-1007.62840475
-1007.62840475
-1007.62840475
-1007.62840475
-1007.62840475
-1007.62840475
-1007.62840475
-1017.75625962
-1007.62840475
-1007.62840475
-1007.62840475
-1022.07052775
-1007.62840475
-1007.62840475
-1007.62840475
-1007.62840475
-1022.07052775
-1019.03357266
-1007.62840475
-1007.62840475
-1007.62840475
-1007.62840475
-1007.62840475
-1007.62840475
-1007.62840475
-1007.62840475
-1007.62840475
-1007.62840475
-1007.62840475
-1007.62840475
-1007.62840475
-1007.62840475
-1007.62840475
-1007.62840475
-1007.62840475
-1021.33823004
-1007.62840475
-1007.62840475
-1007.62840475
-1007.62840475
-1007.62840475
-1007.62840475
-1023.81627734
-1007.62840475
-1007.62840475
-1007.62840475
-1007.62840475
-1021.33823004
-1007.62840475
-1007.62840475
-1007.62840475
-1007.62840475
-1021.33823004
-1007.62840475
-1007.62840475
-1007.62840475
-1007.62840475
-1026.30170417
-1007.62840475
-1021.33823004
-1007.62840475
-1007.62840475
-1007.62840475
-1007.62840475
-1007.62840475
-1007.62840475
-1007.62840475
-1007.62840475
-1007.62840475
-1007.62840475
-1007.62840475
-1007.62840475
-1007.62840475
-1007.62840475
-1007.62840475
-1007.62840475
-1007.62840475
-1007.62840475
-1007.62840475
-1007.62840475
-1007.62840475
-1021.33823004
-1021.33823004
-1007.62840475
-1021.33823004
-1007.62840475
-1007.62840475
-1021.33823004
-1007.62840475
-1007.62840475
-1007.62840475
-1007.62840475
-1007.62840475
-1007.62840475
-1007.62840475
-1007.62840475
-1007.62840475
-1007.62840475
-1007.62840475
-1007.62840475
-1007.62840475
-1007.62840475
-1007.62840475
-1007.62840475
-1007.62840475
-1007.62840475
-1007.62840475
-1007.62840475
-1007.62840475
-1007.62840475
-1022.5151078
-1007.62840475
-1059.99507648
-1007.62840475
-1007.62840475
-1021.33823004
-1007.62840475
-1007.62840475
-1007.62840475
-1007.62840475
-1007.62840475
-1007.62840475
-1007.62840475
-1007.62840475
-1007.62840475
-1007.62840475
-1007.62840475
-1007.62840475
-1027.03866976
-1007.62840475
-1007.62840475
-1007.62840475
-1007.62840475
-1007.62840475
-1034.59428279
-1007.62840475
-1007.62840475
-1007.62840475
-1007.62840475
-1007.62840475
-1007.62840475
-1007.62840475
-1007.62840475
-1007.62840475
-1007.62840475
-1007.62840475
-1007.62840475
-1007.62840475
-1007.62840475
-1007.62840475
-1007.62840475
-1007.62840475
-1007.62840475
-1007.62840475
-1007.62840475
-1007.62840475
-1007.62840475
-1007.62840475
-1007.62840475
-1007.62840475
-1007.62840475
-1007.62840475
-1007.62840475
-1007.62840475
-1007.62840475
-1007.62840475
-1007.62840475
-1007.62840475
-1007.62840475
-1007.62840475
-1007.62840475
-1007.62840475
-1007.62840475
-1007.62840475
-1007.62840475
-1007.62840475
-1007.62840475
-1007.62840475
-1007.62840475
-1007.62840475
-1007.62840475
-1058.52828289
-1007.62840475
-1021.44647272
-1007.62840475
-1007.62840475
-1007.62840475
-1007.62840475
-1007.62840475
-1007.62840475
-1007.62840475
-1007.62840475
-1007.62840475
-1007.62840475
-1007.62840475
-1007.62840475
-1007.62840475
-1007.62840475
-1007.62840475
-1007.62840475
-1007.62840475
-1007.62840475
-1007.62840475
-1007.62840475
-1007.62840475
-1026.62363226
-1057.89984176
-1007.62840475
-1021.33823004
-1007.62840475
-1047.61885977
-1026.62363226
-1007.62840475
-1007.62840475
-1007.62840475
-1007.62840475
-1007.62840475
-1007.62840475
-1028.62363226
-1007.62840475
-1007.62840475
-1044.86397227
-1007.62840475
-1007.62840475
-1007.62840475
-1007.62840475
-1007.62840475
-1007.62840475
-1007.62840475
-1007.62840475
-1007.62840475
-1007.62840475
-1007.62840475
-1007.62840475
-1020.13206851
-1007.62840475
-1007.62840475
-1007.62840475
-1007.62840475
-1007.62840475
-1007.62840475
-1007.62840475
-1007.62840475
-1007.62840475
-1007.62840475
-1007.62840475
-1007.62840475
-1007.62840475
-1007.62840475
-1007.62840475
-1007.62840475
-1007.62840475
-1007.62840475
-1007.62840475
-1007.62840475
-1007.62840475
-1007.62840475
-1023.01165986
-1007.62840475
-1024.45370726
-1007.62840475
-1007.62840475
-1007.62840475
-1007.62840475
-1007.62840475
-1007.62840475
-1007.62840475
-1007.62840475
-1007.62840475
-1007.62840475
-1007.62840475
-1007.62840475
-1007.62840475
-1007.62840475
-1007.62840475
-1007.62840475
-1007.62840475
-1021.01181465
-1020.36092291
-1007.62840475
-1007.62840475
-1007.62840475
-1007.62840475
-1007.62840475
-1007.62840475
-1007.62840475
-1021.33823004
-1007.62840475
-1007.62840475
-1021.33823004
-1021.33823004
-1007.62840475
-1021.33823004
-1007.62840475
-1021.33823004
-1021.33823004
-1021.33823004
-1021.33823004
-1007.62840475
-1021.33823004
-1007.62840475
-1007.62840475
-1021.33823004
-1007.62840475
-1007.62840475
-1007.62840475
-1045.71196917
-1007.62840475
-1007.62840475
-1007.62840475
-1007.62840475
-1007.62840475
-1007.62840475
-1007.62840475
-1007.62840475
-1007.62840475
-1007.62840475
-1007.62840475
-1022.01165986
-1007.62840475
-1007.62840475
-1007.62840475
-1007.62840475
-1007.62840475
-1007.62840475
-1007.62840475
-1007.62840475
-1007.62840475
-1007.62840475
-1007.62840475
-1007.62840475
-1007.62840475
-1007.62840475
-1007.62840475
-1007.62840475
-1021.77296745
-1007.62840475
-1007.62840475
-1021.77296745
-1037.59210666
-1007.62840475
-1007.62840475
-1007.62840475
-1007.62840475
-1007.62840475
-1007.62840475
-1007.62840475
-1007.62840475
-1007.62840475
-1007.62840475
-1007.62840475
-1007.62840475
-1007.62840475
-1007.62840475
-1007.62840475
-1007.62840475
-1007.62840475
-1007.62840475
-1007.62840475
-1007.62840475
-1007.62840475
-1007.62840475
-1007.62840475
-1027.03866976
-1007.62840475
-1007.62840475
-1007.62840475
-1007.62840475
-1007.62840475
-1007.62840475
-1007.62840475
-1007.62840475
-1007.62840475
-1007.62840475
-1007.62840475
-1007.62840475
-1022.5151078
-1007.62840475
-1007.62840475
-1007.62840475
-1007.62840475
-1007.62840475
-1007.62840475
-1007.62840475
-1007.62840475
-1007.62840475
-1007.62840475
-1007.62840475
-1007.62840475
-1007.62840475
-1007.62840475
-1007.62840475
-1007.62840475
-1007.62840475
-1007.62840475
-1007.62840475
-1007.62840475
-1007.62840475
-1007.62840475
-1046.81150485
-1007.62840475
-1048.03389727
-1007.62840475
-1007.62840475
-1007.62840475
-1007.62840475
-1007.62840475
-1007.62840475
-1007.62840475
-1007.62840475
-1007.62840475
-1007.62840475
-1007.62840475
-1007.62840475
-1007.62840475
-1007.62840475
-1007.62840475
-1007.62840475
-1007.62840475
-1007.62840475
-1007.62840475
-1007.62840475
-1007.62840475
-1007.62840475
-1007.62840475
-1007.62840475
-1007.62840475
-1007.62840475
-1007.62840475
-1007.62840475
-1043.86397227
-1007.62840475
-1007.62840475
-1007.62840475
-1021.33823004
-1007.62840475
-1021.33823004
-1021.33823004
-1021.33823004
-1007.62840475
-1007.62840475
-1007.62840475
-1007.62840475
-1021.33823004
-1007.62840475
-1007.62840475
-1007.62840475
-1007.62840475
-1007.62840475
-1007.62840475
-1058.98429616
-1007.62840475
-1007.62840475
-1007.62840475
-1007.62840475
-1022.95510015
-1058.98429616
-1042.43895068
-1007.62840475
-1007.62840475
-1007.62840475
-1007.62840475
-1007.62840475
-1007.62840475
-1007.62840475
-1007.62840475
-1007.62840475
-1007.62840475
-1007.62840475
-1007.62840475
-1007.62840475
-1019.62247593
-1007.62840475
-1007.62840475
-1007.62840475
-1007.62840475
-1007.62840475
-1007.62840475
-1007.62840475
-1007.62840475
-1007.62840475
-1007.62840475
-1007.62840475
-1007.62840475
-1007.62840475
-1007.62840475
-1007.62840475
-1007.62840475
-1007.62840475
-1007.62840475
-1007.62840475
-1007.62840475
-1007.62840475
-1007.62840475
-1007.62840475
-1007.62840475
-1007.62840475
-1007.62840475
-1007.62840475
-1024.62363226
-1007.62840475
-1007.62840475
-1019.78517514
-1044.86397227
-1019.07834171
-1007.62840475
-1007.62840475
-1007.62840475
-1007.62840475
-1007.62840475
-1007.62840475
-1007.62840475
-1007.62840475
-1007.62840475
-1007.62840475
-1007.62840475
-1007.62840475
-1007.62840475
-1007.62840475
-1007.62840475
-1007.62840475
-1007.62840475
-1007.62840475
-1028.62363226
-1007.62840475
-1007.62840475
-1007.62840475
-1007.62840475
-1007.62840475
-1027.62363226
-1045.61885977
-1007.62840475
-1007.62840475
-1007.62840475
-1007.62840475
-1007.62840475
-1007.62840475
-1007.62840475
-1007.62840475
-1007.62840475
-1007.62840475
-1007.62840475
-1025.16420064
-1007.62840475
-1007.62840475
-1007.62840475
-1007.62840475
-1022.5151078
-1007.62840475
-1007.62840475
-1007.62840475
-1007.62840475
-1007.62840475
-1027.03866976
-1007.62840475
-1007.62840475
-1007.62840475
-1007.62840475
-1007.62840475
-1047.61885977
-1007.62840475
-1007.62840475
-1007.62840475
-1007.62840475
-1007.62840475
-1007.62840475
-1007.62840475
-1007.62840475
-1007.62840475
-1025.45370726
-1007.62840475
-1007.62840475
-1007.62840475
-1007.62840475
-1007.62840475
-1007.62840475
-1007.62840475
-1007.62840475
-1007.62840475
-1007.62840475
-1007.62840475
-1007.62840475
-1007.62840475
-1007.62840475
-1007.62840475
-1007.62840475
-1007.62840475
-1007.62840475
-1007.62840475
-1007.62840475
-1007.62840475
-1007.62840475
-1007.62840475
-1007.62840475
-1007.62840475
-1007.62840475
-1007.62840475
-1007.62840475
-1007.62840475
-1007.62840475
-1007.62840475
-1007.62840475
-1023.16420064
-1007.62840475
-1007.62840475
-1007.62840475
-1007.62840475
-1007.62840475
-1007.62840475
-1007.62840475
-1007.62840475
-1007.62840475
-1007.62840475
-1007.62840475
-1007.62840475
-1007.62840475
-1007.62840475
-1007.62840475
-1007.62840475
-1007.62840475
-1007.62840475
-1007.62840475
-1007.62840475
-1007.62840475
-1007.62840475
-1007.62840475
-1007.62840475
-1021.33823004
-1021.33823004
-1007.62840475
-1021.33823004
-1007.62840475
-1007.62840475
-1007.62840475
-1007.62840475
-1024.37570475
-1007.62840475
-1007.62840475
-1007.62840475
-1007.62840475
-1047.61885977
-1007.62840475
-1007.62840475
-1007.62840475
-1007.62840475
-1007.62840475
-1007.62840475
-1007.62840475
-1007.62840475
-1027.03866976
-1007.62840475
-1007.62840475
-1038.44383767
-1007.62840475
-1007.62840475
-1007.62840475
-1007.62840475
-1007.62840475
-1007.62840475
-1007.62840475
-1007.62840475
-1007.62840475
-1007.62840475
-1007.62840475
-1007.62840475
-1007.62840475
-1007.62840475
-1007.62840475
-1007.62840475
-1007.62840475
-1007.62840475
-1007.62840475
-1007.62840475
-1007.62840475
-1007.62840475
-1021.33823004
-1007.62840475
-1007.62840475
-1007.62840475
-1007.62840475
-1021.33823004
-1007.62840475
-1022.04110949
-1007.62840475
-1007.62840475
-1007.62840475
-1007.62840475
-1007.62840475
-1007.62840475
-1021.90067441
-1007.62840475
-1007.62840475
-1007.62840475
-1007.62840475
-1007.62840475
-1007.62840475
-1007.62840475
-1007.62840475
-1007.62840475
-1007.62840475
-1007.62840475
-1022.97977607
-1007.62840475
-1021.33823004
-1007.62840475
-1007.62840475
-1021.33823004
-1007.62840475
-1007.62840475
-1007.62840475
-1007.62840475
-1007.62840475
-1007.62840475
-1007.62840475
-1007.62840475
-1007.62840475
-1007.62840475
-1042.54204417
-1007.62840475
-1007.62840475
-1007.62840475
-1007.62840475
-1021.33823004
-1060.52133013
-1021.33823004
-1007.62840475
-1021.33823004
-1007.62840475
-1021.33823004
-1021.33823004
-1007.62840475
-1072.74459663
-1025.16420064
-1068.98688308
-1021.33823004
-1007.62840475
-1021.33823004
-1007.62840475
-1007.62840475
-1007.62840475
-1021.33823004
-1007.62840475
-1007.62840475
-1021.33823004
-1007.62840475
-1007.62840475
-1021.33823004
-1007.62840475
-1021.33823004
-1007.62840475
-1021.33823004
-1007.62840475
-1021.33823004
-1021.33823004
-1021.33823004
-1038.52610263
-1007.62840475
-1007.62840475
-1022.74098921
-1007.62840475
-1007.62840475
-1007.62840475
-1007.62840475
-1007.62840475
-1007.62840475
-1007.62840475
-1007.62840475
-1007.62840475
-1007.62840475
-1007.62840475
-1007.62840475
-1020.0784633
-1007.62840475
-1007.62840475
-1007.62840475
-1007.62840475
-1044.86397227
-1007.62840475
-1007.62840475
-1007.62840475
-1007.62840475
-1007.62840475
-1007.62840475
-1007.62840475
-1007.62840475
-1007.62840475
-1007.62840475
-1007.62840475
-1007.62840475
-1007.62840475
-1007.62840475
-1067.44416227
-1007.62840475
-1007.62840475
-1007.62840475
-1007.62840475
-1007.62840475
-1007.62840475
-1007.62840475
-1007.62840475
-1007.62840475
-1007.62840475
-1007.62840475
-1007.62840475
-1007.62840475
-1007.62840475
-1007.62840475
-1007.62840475
-1007.62840475
-1007.62840475
-1007.62840475
-1007.62840475
-1007.62840475
-1007.62840475
-1007.62840475
-1007.62840475
-1007.62840475
-1021.33823004
-1007.62840475
-1007.62840475
-1007.62840475
-1007.62840475
-1007.62840475
-1007.62840475
-1007.62840475
-1007.62840475
-1021.33823004
-1038.44383767
-1021.33823004
-1007.62840475
-1007.62840475
-1007.62840475
-1007.62840475
-1007.62840475
-1007.62840475
-1021.33823004
-1007.62840475
-1007.62840475
-1007.62840475
-1007.62840475
-1007.62840475
-1021.33823004
-1021.33823004
-1021.33823004
-1007.62840475
-1025.81627734
-1007.62840475
-1023.97977607
-1007.62840475
-1019.73081311
-1007.62840475
-1007.62840475
-1007.62840475
-1007.62840475
-1007.62840475
-1007.62840475
-1007.62840475
-1007.62840475
-1007.62840475
-1024.45370726
-1007.62840475
-1007.62840475
-1007.62840475
-1007.62840475
-1007.62840475
-1007.62840475
-1007.62840475
-1007.62840475
-1007.62840475
-1007.62840475
-1007.62840475
-1007.62840475
-1007.62840475
-1007.62840475
-1007.62840475
-1007.62840475
-1007.62840475
-1007.62840475
-1028.62363226
-1007.62840475
-1007.62840475
-1007.62840475
-1007.62840475
-1021.33823004
-1021.33823004
-1007.62840475
-1021.33823004
-1021.33823004
-1007.62840475
-1021.33823004
-1021.33823004
-1021.33823004
-1007.62840475
-1021.33823004
-1007.62840475
-1007.62840475
-1007.62840475
-1007.62840475
-1007.62840475
-1007.62840475
-1007.62840475
-1007.62840475
-1007.62840475
-1007.62840475
-1007.62840475
-1007.62840475
-1007.62840475
-1007.62840475
-1007.62840475
-1007.62840475
-1007.62840475
-1007.62840475
-1007.62840475
-1007.62840475
-1007.62840475
-1007.62840475
-1007.62840475
-1007.62840475
-1007.62840475
-1007.62840475
-1007.62840475
-1007.62840475
-1007.62840475
-1007.62840475
-1007.62840475
-1007.62840475
-1007.62840475
-1007.62840475
-1007.62840475
-1007.62840475
-1007.62840475
-1007.62840475
-1007.62840475
-1007.62840475
-1007.62840475
-1007.62840475
-1007.62840475
-1007.62840475
-1007.62840475
-1007.62840475
-1038.4696905
-1007.62840475
-1007.62840475
-1007.62840475
-1007.62840475
-1007.62840475
-1028.62363226
-1020.25470622
-1007.62840475
-1007.62840475
-1007.62840475
-1007.62840475
-1035.27898103
-1007.62840475
-1007.62840475
-1017.75625962
-1007.62840475
-1007.62840475
-1007.62840475
-1007.62840475
-1007.62840475
-1007.62840475
-1007.62840475
-1007.62840475
-1007.62840475
-1007.62840475
-1007.62840475
-1007.62840475
-1034.03505545
-1007.62840475
-1007.62840475
-1007.62840475
-1007.62840475
-1007.62840475
-1007.62840475
-1021.33823004
-1007.62840475
-1021.33823004
-1007.62840475
-1021.33823004
-1007.62840475
-1007.62840475
-1007.62840475
-1007.62840475
-1007.62840475
-1007.62840475
-1007.62840475
-1021.33823004
-1007.62840475
-1021.33823004
-1007.62840475
-1007.62840475
-1007.62840475
-1007.62840475
-1007.62840475
-1007.62840475
-1007.62840475
-1007.62840475
-1007.62840475
-1007.62840475
-1007.62840475
-1007.62840475
-1007.62840475
-1007.62840475
-1007.62840475
-1007.62840475
-1007.62840475
-1007.62840475
-1007.62840475
-1007.62840475
-1007.62840475
-1007.62840475
-1007.62840475
-1007.62840475
-1007.62840475
-1007.62840475
-1007.62840475
-1007.62840475
-1007.62840475
-1007.62840475
-1007.62840475
-1007.62840475
-1007.62840475
-1007.62840475
-1007.62840475
-1007.62840475
-1007.62840475
-1007.62840475
-1021.98310285
-1007.62840475
-1007.62840475
-1021.87421262
-1007.62840475
-1007.62840475
-1007.62840475
-1007.62840475
-1007.62840475
-1007.62840475
-1028.62363226
-1007.62840475
-1043.51033531
-1007.62840475
-1007.62840475
-1007.62840475
-1007.62840475
-1007.62840475
-1007.62840475
-1007.62840475
-1007.62840475
-1007.62840475
-1007.62840475
-1007.62840475
-1007.62840475
-1007.62840475
-1007.62840475
-1007.62840475
-1007.62840475
-1007.62840475
-1007.62840475
-1007.62840475
-1007.62840475
-1007.62840475
-1007.62840475
-1007.62840475
-1007.62840475
-1007.62840475
-1007.62840475
-1007.62840475
-1007.62840475
-1007.62840475
-1007.62840475
-1007.62840475
-1007.62840475
-1007.62840475
-1027.03866976
-1007.62840475
-1007.62840475
-1007.62840475
-1007.62840475
-1007.62840475
-1007.62840475
-1007.62840475
-1007.62840475
-1007.62840475
-1007.62840475
-1007.62840475
-1007.62840475
-1007.62840475
-1007.62840475
-1007.62840475
-1007.62840475
-1007.62840475
-1028.62363226
-1007.62840475
-1007.62840475
-1007.62840475
-1007.62840475
-1007.62840475
-1007.62840475
-1007.62840475
-1007.62840475
-1007.62840475
-1007.62840475
-1007.62840475
-1007.62840475
-1007.62840475
-1007.62840475
-1007.62840475
-1007.62840475
-1007.62840475
-1007.62840475
-1007.62840475
-1022.74872865
-1007.62840475
-1007.62840475
-1007.62840475
-1007.62840475
-1007.62840475
-1007.62840475
-1007.62840475
-1007.62840475
-1007.62840475
-1007.62840475
-1021.33823004
-1007.62840475
-1021.33823004
-1007.62840475
-1007.62840475
-1021.33823004
-1007.62840475
-1021.33823004
-1021.33823004
-1007.62840475
-1007.62840475
-1021.33823004
-1007.62840475
-1007.62840475
-1007.62840475
-1007.62840475
-1007.62840475
-1007.62840475
-1007.62840475
-1007.62840475
-1007.62840475
-1007.62840475
-1007.62840475
-1007.62840475
-1007.62840475
-1007.62840475
-1007.62840475
-1007.62840475
-1007.62840475
-1007.62840475
-1007.62840475
-1032.28141037
-1007.62840475
-1021.33823004
-1007.62840475
-1007.62840475
-1007.62840475
-1007.62840475
-1007.62840475
-1007.62840475
-1007.62840475
-1062.27423727
-1007.62840475
-1007.62840475
-1021.33823004
-1021.33823004
-1021.33823004
-1007.62840475
-1007.62840475
-1007.62840475
-1007.62840475
-1007.62840475
-1007.62840475
-1007.62840475
-1007.62840475
-1007.62840475
-1007.62840475
-1007.62840475
-1007.62840475
-1007.62840475
-1021.33823004
-1007.62840475
-1007.62840475
-1021.33823004
-1021.33823004
-1021.33823004
-1007.62840475
-1007.62840475
-1007.62840475
-1007.62840475
-1007.62840475
-1007.62840475
-1007.62840475
-1007.62840475
-1007.62840475
-1007.62840475
-1007.62840475
-1007.62840475
-1007.62840475
-1007.62840475
-1007.62840475
-1007.62840475
-1007.62840475
-1007.62840475
-1020.96903356
-1007.62840475
-1007.62840475
-1007.62840475
-1007.62840475
-1007.62840475
-1007.62840475
-1007.62840475
-1007.62840475
-1007.62840475
-1007.62840475
-1007.62840475
-1007.62840475
-1007.62840475
-1007.62840475
-1007.62840475
-1007.62840475
-1007.62840475
-1007.62840475
-1021.33823004
-1007.62840475
-1021.33823004
-1007.62840475
-1021.33823004
-1007.62840475
-1007.62840475
-1007.62840475
-1007.62840475
-1007.62840475
-1007.62840475
-1007.62840475
-1007.62840475
-1040.33345755
-1007.62840475
-1042.54204417
-1007.62840475
-1021.33823004
-1007.62840475
-1007.62840475
-1007.62840475
-1007.62840475
-1007.62840475
-1007.62840475
-1007.62840475
-1021.98310285
-1007.62840475
-1007.62840475
-1007.62840475
-1007.62840475
-1021.98310285
-1007.62840475
-1007.62840475
-1007.62840475
-1007.62840475
-1007.62840475
-1007.62840475
-1021.33823004
-1007.62840475
-1007.62840475
-1007.62840475
-1007.62840475
-1007.62840475
-1007.62840475
-1007.62840475
-1007.62840475
-1007.62840475
-1007.62840475
-1007.62840475
-1007.62840475
-1007.62840475
-1079.94753668
-1007.62840475
-1043.07059094
-1007.62840475
-1020.666963
-1020.84822747
-1007.62840475
-1007.62840475
-1007.62840475
-1060.72139554
-1007.62840475
-1007.62840475
-1007.62840475
-1007.62840475
-1021.33823004
-1021.33823004
-1007.62840475
-1021.33823004
-1021.33823004
-1007.62840475
-1007.62840475
-1007.62840475
-1007.62840475
-1007.62840475
-1007.62840475
-1007.62840475
-1007.62840475
-1007.62840475
-1007.62840475
-1007.62840475
-1007.62840475
-1007.62840475
-1007.62840475
-1007.62840475
-1007.62840475
-1007.62840475
-1007.62840475
-1007.62840475
-1007.62840475
-1007.62840475
-1007.62840475
-1021.33823004
-1007.62840475
-1007.62840475
-1007.62840475
-1007.62840475
-1007.62840475
-1007.62840475
-1007.62840475
-1007.62840475
-1007.62840475
-1007.62840475
-1007.62840475
-1007.62840475
-1007.62840475
-1007.62840475
-1007.62840475
-1007.62840475
-1007.62840475
-1007.62840475
-1007.62840475
-1007.62840475
-1007.62840475
-1007.62840475
-1007.62840475
-1007.62840475
-1007.62840475
-1007.62840475
-1022.74098921
-1007.62840475
-1007.62840475
-1007.62840475
-1007.62840475
-1007.62840475
-1021.33823004
-1007.62840475
-1007.62840475
-1021.33823004
-1021.33823004
-1007.62840475
-1007.62840475
-1021.33823004
-1021.33823004
-1007.62840475
-1007.62840475
-1007.62840475
-1007.62840475
-1007.62840475
-1007.62840475
-1007.62840475
-1007.62840475
-1007.62840475
-1007.62840475
-1007.62840475
-1024.45370726
-1007.62840475
-1007.62840475
-1007.62840475
-1007.62840475
-1007.62840475
-1007.62840475
-1007.62840475
-1007.62840475
-1007.62840475
-1007.62840475
-1028.62363226
-1007.62840475
-1007.62840475
-1007.62840475
-1007.62840475
-1007.62840475
-1007.62840475
-1007.62840475
-1007.62840475
-1007.62840475
-1007.62840475
-1007.62840475
-1007.62840475
-1007.62840475
-1032.13891376
-1007.62840475
-1007.62840475
-1007.62840475
-1007.62840475
-1007.62840475
-1007.62840475
-1007.62840475
-1007.62840475
-1007.62840475
-1007.62840475
-1007.62840475
-1007.62840475
-1085.85442728
-1007.62840475
-1007.62840475
-1007.62840475
-1007.62840475
-1007.62840475
-1007.62840475
-1007.62840475
-1007.62840475
-1007.62840475
-1007.62840475
-1007.62840475
-1007.62840475
-1007.62840475
-1007.62840475
-1007.62840475
-1007.62840475
-1007.62840475
-48.6188597676
-1007.62840475
-1007.62840475
-1007.62840475
-1007.62840475
-1007.62840475
-1007.62840475
-1007.62840475
-1007.62840475
-1007.62840475
-1007.62840475
-1007.62840475
-1007.62840475
-1007.62840475
-1007.62840475
-1007.62840475
-1007.62840475
-1007.62840475
-1007.62840475
-1007.62840475
-1007.62840475
-1007.62840475
-1007.62840475
-1007.62840475
-1007.62840475
-1007.62840475
-1007.62840475
-1007.62840475
-1021.33823004
-1021.33823004
-1021.33823004
-1027.62363226
-1007.62840475
-1026.62363226
-1007.62840475
-1021.33823004
-1021.33823004
-1021.33823004
-1021.33823004
-1007.62840475
-1007.62840475
-1007.62840475
-1031.18955284
-1007.62840475
-1007.62840475
-1021.33823004
-1007.62840475
-1021.33823004
-1007.62840475
-1007.62840475
-1007.62840475
-1021.33823004
-1007.62840475
-1007.62840475
-1007.62840475
-1007.62840475
-1007.62840475
-1007.62840475
-1007.62840475
-1007.62840475
-1007.62840475
-1026.62363226
-1007.62840475
-1007.62840475
-1007.62840475
-1021.33823004
-1007.62840475
-1007.62840475
-1007.62840475
-1021.33823004
-1007.62840475
-1007.62840475
-1020.46578055
-1007.62840475
-1026.62363226
-1007.62840475
-1007.62840475
-1043.89093931
-1007.62840475
-1007.62840475
-1007.62840475
-1007.62840475
-1007.62840475
-1007.62840475
-1007.62840475
-1007.62840475
-1019.73081311
-1007.62840475
-1007.62840475
-1007.62840475
-1007.62840475
-1048.71541651
-1007.62840475
-1007.62840475
-1007.62840475
-1007.62840475
-1038.94177958
-1041.84345497
-1007.62840475
-1007.62840475
-1007.62840475
-1007.62840475
-1007.62840475
-1007.62840475
-1007.62840475
-1007.62840475
-1007.62840475
-1050.15838882
-1007.62840475
-1007.62840475
-1007.62840475
-1007.62840475
-1007.62840475
-1007.62840475
-1047.03389727
-1028.62363226
-1007.62840475
-1007.62840475
-1007.62840475
-1007.62840475
-1048.03389727
-1007.62840475
-1007.62840475
-1007.62840475
-1007.62840475
-1028.62363226
-1011.863383
-1007.62840475
-1019.48078105
-1007.62840475
-1007.62840475
-1007.62840475
-1007.62840475
-1007.62840475
-1007.62840475
-1007.62840475
-1007.62840475
-1007.62840475
-1007.62840475
-1007.62840475
